M =  [3     6     1    -2     
     3     0	 -2    -4     
     8    -3     5     4
    -2    -3    -2     5];
V = [ 2   -10    0    4   -2    7   -1    3    -6    9 ];